1018.984414,728.836322,694.757242,691.724687,690.868331,690.769346,690.711844,
692.503541,690.711844,
995.380382,752.368766,691.678922,691.203438,690.711844,
866.612857,726.655450,695.933604,691.694478,690.711844,
1487.829520,1061.559413,778.830446,700.082115,691.592050,691.258440,690.711844,
1676.893639,1654.804311,1650.107300,1643.897853,1623.838745,1579.922413,1493.163992,1363.797406,1162.039839,767.203171,696.571830,691.536136,691.079693,690.868331,690.769346,690.711844,
764.344605,702.964738,692.553025,690.953599,690.711844,
722.200357,694.757242,691.724687,690.868331,690.769346,690.711844,
1884.038719,1394.071959,760.955613,692.413259,691.203438,690.711844,
811.228401,699.921989,692.299438,691.079693,690.868331,690.769346,690.711844,
810.277283,702.720441,693.013912,691.724687,690.868331,690.769346,690.711844,
780.380731,702.964738,692.553025,690.953599,690.711844,
1315.571626,879.177591,710.683287,691.449330,691.203438,690.711844,
1677.468031,1190.460909,842.084425,709.985468,691.449330,691.203438,690.711844,
1378.131989,866.612857,726.655450,695.933604,691.694478,690.711844,
726.345728,693.269906,691.241497,690.868331,690.769346,690.711844,
726.655450,695.933604,691.694478,690.711844,
714.905168,693.986903,691.724687,690.868331,690.769346,690.711844,
700.113044,691.079693,690.868331,690.769346,690.711844,
714.179420,693.269906,691.241497,690.868331,690.769346,690.711844,
