2278.165335,2119.079475,1784.188687,1237.819354,973.219297,714.905168,693.986903,691.724687,690.868331,690.769346,690.711844,
3347.670816,2188.216871,2040.962201,1992.496243,1984.430729,1981.755253,1981.626471,
1746.537073,768.446904,698.776836,691.898890,691.079693,690.868331,690.769346,690.711844,
1685.244918,1545.191478,1435.969199,1265.148127,990.625283,709.108713,693.269906,691.241497,690.868331,690.769346,690.711844,
716.699196,691.536136,691.079693,690.868331,690.769346,690.711844,
2200.921265,1281.256871,1069.997986,763.976717,697.269926,692.252862,691.564407,690.868331,690.769346,690.711844,
1030.698500,746.432849,700.365941,692.553025,690.953599,690.711844,
2496.098403,1027.316651,738.935643,692.252862,691.564407,690.868331,690.769346,690.711844,
2139.403682,1435.853679,1250.045960,1020.736452,735.254565,694.757242,691.724687,690.868331,690.769346,690.711844,
2963.288474,2118.232055,2004.573176,1984.742791,1981.800491,1981.626471,
967.292558,714.905168,693.986903,691.724687,690.868331,690.769346,690.711844,
1934.754779,1213.710235,780.837731,705.235004,693.025534,690.953599,690.711844,
2754.154141,2079.788032,1996.179643,1982.877090,1981.626471,
2281.254373,1747.420811,1423.307713,1003.211155,760.725840,695.796662,691.592050,691.258440,690.711844,
2219.168627,774.749059,690.711844,
2322.981146,1087.872064,721.263816,693.986903,691.724687,690.868331,690.769346,690.711844,
1799.382775,790.091559,702.509058,692.299438,691.079693,690.868331,690.769346,690.711844,
2353.544538,2038.103993,1987.529758,1981.800491,1981.626471,
2117.936321,1536.089304,1022.998918,760.246767,691.449330,691.203438,690.711844,
2162.462330,703.765074,692.553025,690.953599,690.711844,
