0.080029 0.919971
0.155855 0.844145
0.006377 0.034649 0.292904 0.484093 0.012080 0.169897
0.155675 0.173100 0.125730 0.104177 0.171864 0.269454
1.000000 0.000000
-5295.687361
0.000000
0.794387 0.205613
0.837875 0.162125
0.119102 0.170153 0.181517 0.181333 0.100440 0.247455
0.194696 0.083117 0.021595 0.069703 0.345149 0.285740
1.000000 0.000000
-5296.418179
0.000000
0.187237 0.812763
0.868027 0.131973
0.118376 0.162968 0.102798 0.199190 0.163948 0.252720
0.150679 0.142359 0.200389 0.116785 0.132354 0.257434
0.000000 1.000000
-5295.491575
0.000000
0.508415 0.491585
0.524065 0.475935
0.179371 0.086274 0.056467 0.156237 0.267186 0.254465
0.085650 0.224107 0.249674 0.162633 0.022366 0.255570
0.000000 1.000000
-5296.191542
0.000000
0.485996 0.514004
0.450699 0.549301
0.000182 0.226340 0.003661 0.107768 0.115072 0.546977
0.250856 0.088956 0.277790 0.204362 0.178003 0.000032
0.000000 1.000000
-5290.985063
0.000000
0.932424 0.067576
0.349477 0.650523
0.109141 0.155952 0.140059 0.148168 0.139236 0.307443
0.254497 0.138691 0.198186 0.213454 0.194379 0.000794
0.000000 1.000000
-5284.128668
0.000000
0.849374 0.150626
0.821275 0.178725
0.150863 0.177551 0.075046 0.187091 0.107995 0.301453
0.042501 0.019786 0.556694 0.008724 0.369347 0.002948
0.000000 1.000000
-5294.639945
0.000000
0.510714 0.489286
0.545007 0.454993
0.128652 0.120841 0.012877 0.243414 0.248522 0.245693
0.139955 0.188811 0.302696 0.065703 0.037471 0.265364
0.000000 1.000000
-5295.607591
0.000000
0.868661 0.131339
0.433045 0.566955
0.171880 0.153175 0.180601 0.179051 0.176378 0.138915
0.009958 0.152426 0.049796 0.094767 0.057923 0.635130
1.000000 0.000000
-5274.874144
0.000000
0.733745 0.266255
0.708119 0.291881
0.183435 0.171168 0.032226 0.188108 0.076682 0.348382
0.002933 0.104830 0.462258 0.083043 0.339522 0.007414
0.000000 1.000000
-5294.311802
0.000000
